11406
9797
7090
13836
13835
13922
7864
6712
13759
13678
13559
11309
7705
5817
13747
13358
13744
13333
12759
10879
7518
5621
13687
13229
12752
10419
10881
10409
13611
13204
12740
9868
8081
13090
13020
13158
12843
12673
7999
13055
13061
12921
12889
12826
12632
7504
12531
12141
12063
11527
10789
12578
14360
12344
12054
11448
11410
10632
10581
14352
12271
11301
10974
10834
10543
14140
12270
11228
10987
10699
10295
14036
11908
11137
10901
10165
9875
10277
13955
11873
11093
10885
10108
9874
10198
10195
11837
11787
11017
10095
9899
11826
11722
11009
9804
9826
9868
8482
11799
11695
9722
8769
8670
8665
8487
8441
9425
9200
8755
8638
8581
8363
8374
8370
9380
8834
8771
8625
8569
9187
8828
8740
8623
9105
8827
8723
5896
9056
8822
8720
8701
8982
8814
8689
8899
8794
8676
8881
8775
8878
8773