10594
10328
9688
9573
9565
10588
10308
9637
9567
9202
10465
10295
9498
9196
9146
9152
10368
10195
9486
9133
9022
8969
10182
9874
9428
9114
8967
10165
9840
9326
8941
8917
8886
8881
8857
10136
9826
8828
8822
8769
8732
7989
10108
9776
8665
8487
8363
7981
7712
10057
9730
8623
8464
7998
7916
9875
9722
8600
8435
7812
7798
7782
9882
9714
8569
8052
7660
7693
7620
8346
8112
8080
8072
7605
7430
7419
8280
7328
6419
6733
6178
7399
7354
8151
7307
6853
6694
6167
6147
8139
7287
6852
6686
6163
6158
6146
7279
6997
6799
6665
6095
6085
6039
7272
6972
6787
6607
6094
5959
5955
7230
6956
6744
6555
5982
5939
5944
7220
6968
6740
6518
5912
5898
5895
7201
6936
6509
5861
5808
5720
5874
7175
6897
6354
5850
5771
5746
5451
5868
7147
6900
6345
5737
5709
5457
7149
6503
6265
5696
5703
5448
5306
7138
6469
6258
5694
5570
7145
6463
6241
5651
5523
5426
5262
7134
6426
6212
5659
5500
5407
5231
7095
6419
6197
5631
5489
5382
5207
7073
6179
6199
5629
5469
5206