7275
8247
14296
14281
9818
4803
14304
14208
12698
14365
14283
14164
14325
14352
14264
14178
14126
13851
13359
12852
14122
13784
13310
12839
14081
13749
13182
12824
13296
13561
13078
12615
13943
13526
12997
12583
13882
13488
12990
12549
13853
12975
12523
12561
12508
12261
12007
11770
12478
12195
11873
11674
11679
12468
12076
11854
11637
11527
11459
12432
11845
11410
10693
10843
12429
11846
11380
11189
10958
10775
12423
11826
11315
11006
10926
10759
12344
11815
11276
11017
10908
10736
12281
11791
11224
10974
10859
10726
12270
11779
11233
10594
10328
9688
9573
9565
10588
10308
9637
9567
9202
10465
10295
9498
9196
9146
9152
10368
10195
9486
9133
9022
8969
10182
9874
9428
9114
8967
10165
9840
9326
8941
8917
8886
8881
8857
10136
9826
8828
8822
8769
8732
7989
10108
9776
8665
8487
8363
7981
7712
10057
9730
8623
8464
7998
7916
9875
9722
8600
8435
7812
7798
7782
9882
9714
8569
8052
7660
7693
7620
8346
8112
8080
8072
7605
7430
7419
8280
7328
6419
6733
6178
7399
7354
8151
7307
6853
6694
6167
6147
8139
7287
6852
6686
6163
6158
6146
7279
6997
6799
6665
6095
6085
6039
7272
6972
6787
6607
6094
5959
5955
7230
6956
6744
6555
5982
5939
5944
7220
6968
6740
6518
5912
5898
5895
7201
6936
6509
5861
5808
5720
5874
7175
6897
6354
5850
5771
5746
5451
5868
7147
6900
6345
5737
5709
5457
7149
6503
6265
5696
5703
5448
5306
7138
6469
6258
5694
5570
7145
6463
6241
5651
5523
5426
5262
7134
6426
6212
5659
5500
5407
5231
7095
6419
6197
5631
5489
5382
5207
7073
6179
6199
5629
5469
5206
11406
9797
7090
13836
13835
13922
7864
6712
13759
13678
13559
11309
7705
5817
13747
13358
13744
13333
12759
10879
7518
5621
13687
13229
12752
10419
10881
10409
13611
13204
12740
9868
8081
13090
13020
13158
12843
12673
7999
13055
13061
12921
12889
12826
12632
7504
12531
12141
12063
11527
10789
12578
14360
12344
12054
11448
11410
10632
10581
14352
12271
11301
10974
10834
10543
14140
12270
11228
10987
10699
10295
14036
11908
11137
10901
10165
9875
10277
13955
11873
11093
10885
10108
9874
10198
10195
11837
11787
11017
10095
9899
11826
11722
11009
9804
9826
9868
8482
11799
11695
9722
8769
8670
8665
8487
8441
9425
9200
8755
8638
8581
8363
8374
8370
9380
8834
8771
8625
8569
9187
8828
8740
8623
9105
8827
8723
5896
9056
8822
8720
8701
8982
8814
8689
8899
8794
8676
8881
8775
8878
8773
5203
5164
5137
5072
5047
5020
4961
4874
4825
4820
4818
4814
4805
4813
4786
4766
4771
4691
4678
4672
4644
4615
4570
4558
4540