7275
8247
14296
14281
9818
4803
14304
14208
12698
14365
14283
14164
14325
14352
14264
14178
14126
13851
13359
12852
14122
13784
13310
12839
14081
13749
13182
12824
13296
13561
13078
12615
13943
13526
12997
12583
13882
13488
12990
12549
13853
12975
12523
12561
12508
12261
12007
11770
12478
12195
11873
11674
11679
12468
12076
11854
11637
11527
11459
12432
11845
11410
10693
10843
12429
11846
11380
11189
10958
10775
12423
11826
11315
11006
10926
10759
12344
11815
11276
11017
10908
10736
12281
11791
11224
10974
10859
10726
12270
11779
11233